A G01 2019 7 0227
A G04 2019 A 0122
A G06 2019 7 0219
A G09 2019 7 0072
A G10 2019 4 0018
A G11 2019 4 0156
A G12 2019 7 0266
A G13 2019 7 0101
A G14 2019 7 0027
A G21 2019 7 0257
A G26 2019 7 0042
A G27 2019 7 0081
A 101 2019 7 0010
A 104 2019 4 0061
A 107 2019 7 0038
A 108 2018 7 0169
A 110 2019 7 0048
A 111 2019 7 0016
A 114 2019 7 0095
A 115 2019 7 0052
A 119 2019 7 0053
A 120 2018 1 0176
A 123 2019 7 0032
A 125 2019 7 0047
A 126 2019 7 0040
A 127 2019 7 0086
A 129 2019 7 0006
A 130 2019 7 0113
A 132 2019 7 0099
A 202 2019 4 0261
A 203 2019 7 0244
A 205 2019 7 0028
A 206 2019 7 0111
A 208 2019 7 0075
A 210 2019 4 0247
A 212 2019 3 0090
A 213 2019 4 0041
A 214 2019 7 0094
A 215 2019 7 0008
A 216 2019 7 0096
A 217 2019 4 0054
A 221 2019 1 0005
A 222 2019 7 0264
A 224 2019 7 0070
A 230 2019 4 0079
A 304 2019 7 0097
A 306 2019 A 0269
A 311 2019 7 0902
A 312 2019 A 0057
A 402 2022 7 0337
A 403 2022 7 0900
A 405 2022 7 0803
A 406 2022 7 0901
A 407 2022 7 0904
A 410 2022 7 0905
A 412 2022 7 0257
A 413 2022 7 0341
A 414 2022 7 0237
A 415 2022 7 0339
A 418 2021 7 0906
A 426 2021 4 0916
A 427 2021 3 0915
A 428 2021 7 0905
A 429 2021 4 0910
B G02 2022 A 0085
B G03 2022 A 0329
B G04 2022 7 0229
B G05 2022 7 0180
B G07 2022 7 0279
B G08 2022 7 0319
B G09 2022 7 0026
B G10 2022 4 0092
B G11 2022 7 0043
B G12 2022 7 0308
B G13 2022 7 0041
B G14 2022 2 0106
B G17 2022 4 0295
B G19 2022 4 0336
B G20 2022 7 0305
B G22 2022 7 0170
B G24 2022 7 0335
B G25 2022 4 0303
B G26 2022 7 0172
B G27 2022 7 0274
B G28 2022 7 0164
B G29 2022 7 0276
B 101 2022 7 0249
B 102 2022 7 0053
B 103 2022 7 0065
B 104 2022 7 0118
B 105 2022 7 0047
B 106 2022 7 0286
B 107 2022 7 0231
B 108 2022 7 0096
B 109 2022 4 0058
B 111 2022 7 0258
B 112 2022 A 0312
B 113 2022 4 0060
B 114 2022 7 0066
B 115 2022 7 0115
B 116 2022 7 0213
B 117 2022 7 0042
B 118 2022 7 0230
B 119 2022 7 0054
B 120 2022 9 0902
B 121 2022 7 0315
B 122 2022 7 0069
B 123 2022 7 0238
B 126 2022 7 0236
B 127 2022 7 0159
B 128 2022 7 0113
B 129 2022 7 0195
B 130 2022 1 0067
B 131 2022 7 0044
B 132 2022 7 0156
B 201 2022 7 0103
B 202 2022 7 0177
B 204 2022 7 0046
B 205 2022 7 0070
B 206 2022 7 0102
B 207 2022 7 0187
B 208 2022 7 0191
B 209 2022 7 0241
B 210 2022 9 0251
B 211 2022 4 0005
B 212 2022 7 0302
B 213 2022 4 0217
B 214 2022 7 0250
B 215 2022 7 0278
B 216 2022 7 0282
B 217 2022 7 0072
B 218 2022 7 0153
B 219 2022 7 0117
B 220 2022 7 0239
B 221 2022 7 0056
B 223 2022 7 0109
B 225 2022 7 0107
B 226 2022 7 0073
B 227 2022 7 0036
B 228 2022 4 0223
B 229 2022 7 0111
B 230 2022 7 0082
B 231 2022 7 0037
B 232 2022 7 0114
B 301 2022 7 0045
B 302 2022 7 0104
B 303 2022 7 0293
B 304 2022 4 0062
B 305 2022 7 0064
B 306 2022 7 0184
B 307 2022 7 0221
B 308 2022 A 0039
B 309 2022 7 0155
B 310 2022 7 0105
B 311 2022 7 0186
B 312 2022 7 0057
B 313 2022 7 0270
B 315 2022 7 0112
B 319 2022 7 0246
B 320 2022 7 0157
B 321 2022 7 0226
B 322 2022 7 0194
B 323 2022 7 0154
B 325 2022 7 0052
B 326 2022 7 0168
B 327 2022 9 0190
B 329 2022 7 0051
B 330 2022 7 0171
B 401 2022 7 0802
B 402 2021 7 0109
B 404 2021 7 0105
B 405 2021 7 0290
B 406 2021 7 0299
B 407 2021 7 0328
B 415 2021 7 0275
B 419 2021 7 0334
B 420 2021 7 0034
B 421 2021 3 0197
B 422 2021 3 0324
B 423 2021 7 0272
B 425 2021 7 0070
B 426 2021 9 0242
B 427 2021 1 0288
B 428 2021 7 0243
B 429 2021 7 0043
B 430 2021 2 0172
B 431 2021 7 0190
B 432 2021 7 0029
B 501 2020 7 0258
B 502 2016 7 0084
B 503 2020 7 0260
B 504 2020 7 0263
B 505 2020 2 0242
B 506 2020 7 0254
B 507 2020 4 0251
B 508 2020 7 0172
B 509 2020 7 0257
B 510 2020 7 0249
B 511 2020 4 0220
B 512 2020 7 0269
B 513 2020 7 0211
B 514 2020 7 0259
B 515 2020 7 0271
B 516 2020 7 0247
B 517 2020 7 0041
B 518 2020 7 0181
B 520 2020 7 0131
B 523 2020 7 0264
B 525 2020 7 0907
B 526 2020 7 0903
B 527 2020 7 0261
B 528 2020 7 0206
B 529 2020 7 0035
B 530 2020 7 0900
B 531 2020 A 0114
B 532 2020 9 0904
C 201 2021 1 0104
C 202 2021 7 0164
C 204 2021 7 0019
C 205 2021 4 0284
C 206 2021 7 0182
C 207 2021 7 0124
C 208 2021 7 0226
C 209 2021 7 0112
C 210 2021 7 0193
C 211 2021 7 0238
C 212 2021 7 0283
C 213 2021 7 0268
C 214 2021 9 0108
C 216 2021 7 0246
C 217 2021 7 0166
C 218 2021 7 0303
C 219 2021 7 0235
C 220 2021 7 0138
C 221 2021 1 0178
C 222 2021 7 0062
C 223 2021 7 0125
C 224 2021 7 0118
C 225 2021 7 0081
C 226 2021 A 0167
C 227 2021 7 0255
C 228 2021 7 0161
C 229 2021 A 0148
C 230 2021 7 0236
C 231 2021 7 0134
C 232 2021 7 0181
C 233 2021 7 0009
C 234 2021 4 0122
C 235 2021 7 0192
C 301 2021 4 0046
C 302 2021 7 0218
C 303 2021 7 0020
C 304 2021 7 0253
C 305 2021 A 0266
C 306 2021 4 0212
C 307 2021 7 0210
C 308 2021 7 0214
C 309 2021 7 0250
C 310 2021 A 0230
C 311 2021 3 0264
C 312 2021 3 0055
C 313 2021 7 0068
C 314 2021 7 0232
C 315 2021 7 0201
C 316 2021 7 0217
C 317 2021 7 0090
C 318 2021 7 0024
C 320 2021 A 0223
C 321 2021 7 0037
C 322 2021 7 0002
C 323 2021 7 0285
C 324 2021 7 0216
C 325 2021 7 0126
C 326 2021 7 0110
C 327 2021 2 0115
C 328 2021 7 0010
C 329 2021 2 0248
C 330 2021 7 0135
C 331 2021 9 0233
C 332 2021 7 0333
C 333 2021 4 0159
C 334 2021 3 0088
C 401 2020 7 0240
C 402 2020 7 0200
C 403 2020 1 0246
C 404 2020 2 0248
C 405 2021 7 0052
C 406 2021 7 0224
C 407 2021 7 0220
C 408 2021 7 0160
C 409 2021 7 0067
C 410 2021 7 0247
C 411 2021 4 0252
C 412 2020 3 0197
C 413 2021 7 0254
C 414 2021 A 0089
C 416 2021 7 0154
C 417 2020 7 0255
C 418 2020 7 0230
C 419 2020 7 0081
C 420 2020 7 0082
C 421 2020 7 0226
C 422 2020 3 0149
C 423 2020 7 0084
C 424 2020 7 0077
C 425 2020 7 0203
C 426 2020 7 0121
C 427 2020 7 0134
C 428 2020 7 0083
C 430 2020 7 0238
C 431 2020 7 0105
C 432 2020 7 0237
C 433 2020 7 0139
C 434 2020 7 0256
C 501 2020 7 0117
C 502 2020 2 0136
C 503 2020 7 0144
C 504 2020 7 0170
C 505 2020 4 0185
C 506 2020 7 0028
C 508 2020 7 0109
C 509 2020 7 0110
C 510 2020 7 0087
C 511 2020 7 0167
C 512 2020 7 0124
C 513 2020 7 0113
C 514 2020 7 0101
C 515 2020 7 0085
C 516 2020 3 0115
C 517 2020 3 0223
C 518 2020 7 0075
C 519 2020 7 0079
C 520 2020 7 0116
C 521 2020 7 0122
C 522 2020 7 0130
C 523 2020 7 0099
C 524 2020 4 0088
C 525 2020 7 0132
C 526 2020 7 0133
C 527 2020 7 0141
C 528 2020 7 0080
C 529 2020 4 0171
C 530 2020 7 0143
C 531 2020 7 0064
C 532 2020 7 0030
C 533 2020 4 0056
C 534 2020 7 0120
G 101 2021 7 0239
G 102 2021 3 0179
G 103 2021 9 0145
G 104 2021 7 0174
G 105 2021 7 0051
G 106 2021 9 0060
G 107 2021 7 0143
G 108 2021 7 0273
G 109 2021 7 0129
G 111 2021 9 0265
G 114 2021 7 0286
G 116 2021 7 0292
G 118 2021 1 0221
G 119 2021 7 0075
G 121 2021 7 0123
G 122 2021 7 0249
G 123 2021 9 0094
G 125 2021 3 0234
G 126 2021 7 0200
G 127 2021 7 0204
G 129 2021 7 0100
G 130 2021 7 0271
G 131 2020 7 0072
G 202 2019 9 0082
G 205 2019 7 0050
G 206 2019 1 0004
G 207 2019 9 0190
G 208 2019 A 0141
G 212 2019 7 0225
G 213 2019 9 0019
G 214 2019 7 0083
G 216 2019 7 0066
G 218 2019 7 0059
G 219 2019 7 0060
G 220 2019 A 0043
G 221 2019 7 0015
G 223 2019 4 0039
G 228 2019 7 0117
G 229 2019 7 0073
G 230 2019 9 0181
G 231 2019 7 0045
G 232 2019 7 0049
G 301 2022 7 0004
G 302 2022 7 0185
G 303 2022 7 0162
G 304 2022 7 0097
G 305 2022 9 0268
G 306 2022 3 0232
G 307 2022 7 0132
G 308 2022 9 0244
G 309 2022 7 0116
G 310 2022 7 0101
G 311 2022 7 0243
G 312 2022 7 0174
G 313 2022 4 0146
G 314 2022 7 0247
G 315 2022 A 0222
G 319 2022 9 0099
G 320 2022 7 0049
G 321 2022 7 0225
G 322 2022 7 0074
G 323 2022 7 0261
G 325 2022 7 0166
G 326 2022 7 0121
G 327 2022 7 0267
G 329 2022 7 0183
G 330 2022 9 0275
G 401 2022 9 0133
G 402 2022 7 0330
G 403 2022 A 0068
G 404 2022 7 0216
G 405 2022 7 0301
G 406 2022 4 0300
G 407 2022 1 0340
G 408 2022 7 0338
G 409 2022 9 0181
G 410 2022 7 0188
G 411 2022 7 0306
G 412 2022 9 0304
G 414 2022 9 0158
G 415 2022 7 0038
G 416 2022 9 0265
G 417 2021 7 0907
G 418 2021 7 0018
G 419 2022 7 0023
G 423 2021 9 0908
G 427 2021 7 0902
G 428 2022 7 0903
G 429 2021 9 0919
G 431 2021 7 0801
G 501 2020 1 0092
G 502 2020 7 0025
G 503 2020 3 0033
G 504 2020 7 0125
G 505 2020 7 0140
G 506 2020 7 0031
G 507 2020 7 0100
G 508 2020 7 0045
G 509 2020 7 0266
G 511 2020 2 0001
G 512 2020 7 0118
G 513 2020 7 0169
G 514 2020 7 0243
G 517 2020 7 0078
G 518 2020 9 0138
G 519 2020 7 0252
G 520 2020 7 0208
G 521 2020 7 0216
G 527 2020 7 0123
G 528 2020 7 0241
G 530 2020 7 0262
G 531 2020 9 0137
G 532 2020 7 0076